
G:\FaceDetectionProj>python fr.py
INFO: Created TensorFlow Lite XNNPACK delegate for CPU.
INFO: Replacing 162 node(s) with delegate (TfLiteXNNPackDelegate) node, yielding 2 partitions.
EX    EY   NX   NY   CEX   CEY
(038, 032) (041,037) (389, 320)
(077, 064) (081,075) (381, 321)
(114, 096) (121,113) (373, 321)
(151, 128) (159,152) (368, 321)
(188, 160) (197,190) (367, 322)
(224, 192) (236,228) (368, 322)
(261, 225) (274,266) (369, 322)
(298, 257) (313,304) (370, 321)
(335, 289) (352,342) (371, 321)
(373, 321) (390,380) (371, 321)
(371, 321) (388,380) (371, 321)
(370, 321) (387,381) (373, 320)
(370, 321) (387,380) (372, 321)
(370, 321) (388,380) (374, 321)
(371, 321) (389,379) (375, 320)
(372, 320) (391,379) (374, 320)
(372, 320) (391,378) (374, 321)
(373, 320) (392,378) (373, 320)
(373, 320) (393,378) (373, 320)
(373, 320) (393,379) (372, 321)
(373, 320) (393,379) (369, 321)
(372, 320) (392,379) (367, 321)
(371, 320) (390,379) (361, 318)
(370, 320) (387,379) (361, 319)
(368, 320) (383,380) (355, 322)
(365, 320) (378,380) (348, 323)
(362, 321) (372,381) (338, 326)
(358, 321) (365,381) (335, 326)
(354, 322) (358,382) (334, 328)
(350, 323) (351,382) (335, 327)
(347, 323) (344,382) (335, 327)
(343, 324) (337,382) (333, 324)
(340, 324) (331,382) (330, 324)
(337, 325) (325,382) (332, 322)
(335, 325) (320,381) (334, 323)
(334, 325) (316,381) (334, 324)
(334, 325) (313,381) (337, 325)
(334, 325) (312,380) (337, 325)
(334, 325) (311,380) (340, 327)
(335, 325) (311,381) (343, 330)
(337, 325) (311,382) (348, 331)
(339, 326) (313,383) (354, 331)
(341, 327) (315,384) (354, 331)
(344, 328) (317,386) (357, 333)
(346, 329) (320,388) (363, 334)
(350, 330) (323,390) (366, 334)
(353, 331) (327,392) (371, 335)
(357, 332) (330,394) (371, 335)
(360, 333) (335,396) (379, 336)
(364, 333) (339,397) (379, 336)
(367, 334) (342,398) (380, 334)
(370, 334) (345,398) (378, 334)
(372, 334) (348,399) (379, 332)
(374, 334) (351,399) (379, 332)
(376, 334) (352,399) (379, 333)
(377, 334) (353,399) (376, 332)
(377, 334) (354,398) (373, 333)
(377, 333) (354,398) (368, 333)
(375, 333) (353,398) (367, 333)
(374, 333) (352,397) (367, 332)
(372, 333) (351,397) (362, 335)
(371, 333) (349,398) (360, 336)
(368, 334) (347,398) (355, 339)
(365, 334) (342,398) (341, 336)
(360, 334) (336,396) (329, 331)
(354, 334) (329,395) (324, 330)
(350, 333) (323,393) (324, 330)
(344, 333) (314,391) (308, 332)
(336, 333) (303,388) (294, 336)
(328, 334) (292,386) (284, 342)
(320, 335) (281,384) (284, 339)
(312, 335) (270,381) (283, 339)
(306, 335) (262,378) (294, 335)
(303, 334) (256,375) (303, 329)
(301, 334) (252,374) (311, 331)
(301, 335) (253,375) (328, 337)
(301, 335) (253,375) (327, 333)
(304, 335) (257,377) (331, 331)
(307, 334) (262,378) (332, 331)
(313, 334) (269,380) (339, 336)
(319, 333) (277,382) (346, 334)
(326, 333) (286,385) (354, 337)
(333, 334) (296,388) (361, 340)
(339, 335) (304,392) (361, 340)
(344, 335) (312,395) (363, 338)
(348, 336) (317,397) (364, 339)
(352, 336) (323,399) (367, 339)
(355, 337) (328,401) (367, 337)
(359, 338) (333,402) (366, 338)
(361, 338) (337,403) (367, 337)
(363, 338) (340,403) (367, 337)
(365, 338) (341,403) (366, 337)
(365, 338) (342,403) (365, 337)
(365, 337) (342,402) (366, 337)
(366, 337) (342,403) (364, 338)
(366, 337) (342,403) (364, 338)
(365, 337) (341,403) (363, 337)
(365, 337) (341,403) (364, 338)
(365, 337) (340,403) (362, 338)
(364, 337) (339,403) (360, 338)
(363, 337) (337,403) (354, 335)
(361, 337) (334,402) (349, 336)
(359, 337) (331,401) (348, 336)
(357, 336) (326,399) (340, 329)
(354, 335) (321,396) (336, 331)
(350, 335) (316,393) (330, 332)
(347, 334) (309,389) (325, 332)
(343, 334) (302,385) (325, 333)
(339, 333) (295,381) (321, 330)
(335, 332) (288,377) (322, 328)
(333, 331) (284,374) (331, 329)
(331, 331) (281,371) (331, 332)
(330, 331) (279,369) (337, 331)
(330, 331) (278,369) (339, 334)
(330, 331) (278,369) (339, 334)
(331, 331) (280,369) (337, 332)
(332, 331) (282,371) (336, 333)
(333, 331) (285,373) (336, 332)
(334, 331) (289,374) (337, 328)
(336, 331) (292,376) (337, 329)
(336, 331) (295,378) (337, 331)
(337, 331) (297,380) (337, 330)
(337, 331) (299,382) (338, 331)
(337, 331) (301,383) (338, 334)
(337, 331) (302,386) (334, 338)
(336, 332) (303,388) (335, 338)
(336, 333) (304,389) (335, 338)
(336, 333) (305,391) (332, 338)
(335, 334) (305,392) (330, 337)
(334, 335) (305,394) (330, 337)
(334, 336) (305,395) (328, 338)
(333, 336) (304,397) (328, 338)
(332, 337) (304,398) (329, 339)
(331, 338) (304,399) (330, 341)
(330, 338) (304,399) (329, 340)
(330, 338) (303,400) (327, 340)
(329, 339) (303,401) (327, 340)
(328, 339) (302,401) (326, 340)
(328, 339) (303,402) (326, 340)
(327, 339) (302,403) (326, 340)
(327, 339) (303,403) (328, 340)
(328, 339) (303,403) (331, 337)
(328, 339) (303,402) (332, 336)
(328, 339) (303,401) (332, 336)
(329, 338) (303,400) (332, 335)
(329, 338) (304,399) (331, 335)
(329, 337) (304,398) (331, 337)
(330, 337) (304,397) (330, 337)
(330, 337) (304,397) (330, 336)
(331, 336) (304,395) (332, 333)
(331, 335) (305,394) (333, 330)
(331, 334) (305,393) (334, 329)
(332, 333) (305,392) (335, 325)
(332, 332) (305,391) (334, 326)
(332, 331) (305,391) (333, 325)
(332, 330) (305,390) (333, 325)
(332, 329) (305,390) (332, 326)
(332, 328) (306,389) (332, 327)
(333, 327) (306,388) (332, 328)
(333, 327) (306,388) (332, 329)
(332, 327) (307,389) (331, 329)
(331, 327) (305,389) (324, 327)
(330, 327) (304,389) (325, 328)
(328, 327) (300,389) (310, 325)
(324, 326) (295,388) (294, 320)
(320, 326) (288,386) (288, 326)
(315, 326) (282,384) (288, 323)
(311, 326) (276,382) (288, 323)
(307, 325) (269,379) (289, 319)
(302, 324) (262,377) (286, 323)
(298, 323) (256,374) (292, 318)
(296, 322) (253,373) (302, 321)
(294, 322) (251,371) (310, 322)
(296, 322) (252,371) (321, 322)
(298, 322) (255,372) (321, 321)
(302, 321) (261,373) (327, 323)
(306, 321) (266,375) (328, 323)
(310, 321) (272,377) (330, 322)
(315, 322) (278,379) (331, 321)
(319, 321) (285,380) (331, 322)
(323, 322) (290,381) (330, 321)
(326, 322) (293,382) (328, 320)
(327, 321) (295,382) (326, 320)
(328, 321) (296,382) (327, 321)
(328, 322) (296,383) (323, 324)
(327, 322) (295,382) (318, 323)
(326, 322) (294,382) (318, 323)
(325, 321) (293,382) (317, 321)
(323, 321) (291,382) (315, 321)
(322, 321) (289,382) (316, 321)
(320, 321) (287,382) (314, 319)
(319, 321) (286,382) (314, 319)
(318, 321) (285,382) (315, 320)
(316, 321) (284,381) (315, 319)
(316, 320) (284,381) (315, 319)
Error: No more frames detected or there are problems with input frames

G:\FaceDetectionProj>